13 1183 384 15 ledge 1
270 1149 127 14 ledge 2
333 1125 65 30 ledge 3
399 1145 63 134 ledge 4
141 1142 31 63 ladder 1
461 1118 32 16 ledge 5
463 1158 61 30 ledge 6
518 1181 264 13 ledge 7
782 1157 31 31 ledge 8
813 1160 31 102 ledge 9
911 1149 30 14 ledge 10
878 1191 64 29 ledge 11
943 1158 30 102 ledge 12
1039 1156 31 28 ledge 13
1005 1180 65 13 ledge 14
1005 1208 64 4 ledge 15
1070 1160 31 103 ledge 16
1167 1149 31 13 ledge 17
1134 1190 64 31 ledge 18
1197 1161 31 103 ledge 19
1325 1149 32 16 ledge 20
1262 1182 96 16 ledge 21
1261 1209 95 8 ledge 22
1358 1161 32 104 ledge 23
1389 1193 368 38 ledge 24
1437 1118 63 14 ledge 25
1502 1108 30 32 ledge 26
1581 1069 31 13 ledge 27
1630 1149 15 13 ledge 28
1646 1101 15 13 ledge 29
1662 1053 120 14 ledge 30
1773 940 15 210 ladder 2
1710 1084 49 15 ledge 31
1726 1102 32 16 ledge 32
1742 1116 15 11 ledge 33
1726 1165 32 15 ledge 34
1737 886 30 29 ledge 35
1756 915 6 31 ledge 36
1677 942 86 15 ledge 37
1709 869 31 64 ledge 38
1698 839 12 62 ledge 39
1678 860 15 175 ladder 3
1582 813 87 12 ledge 40
1582 731 14 152 ladder 4
1604 701 499 15 ledge 41
2061 678 31 30 ledge 42
2095 681 30 102 ledge 43